8000
[0, 1, 2, 3, 4, 5, 6, 7, 8, 9, 10, 11, 12, 13]
[0, 0, 0, 0, 0, 0, 0, 0, 0, 0, 1, 0, 0, 0]
[0, 0, 0, 0, 0, 0, 0, 0, 0, 0, 1, 0, 0, 0]
[14, 15, 16, 17]
[0, 1, 0, 0]
[0, 1, 0, 0]
[18, 19, 20, 21, 22, 23, 24, 25, 26, 27, 28, 29, 30, 31, 32, 33, 34, 35, 36, 37]
[0, 1, 0, 0, 0, 1, 1, 1, 1, 1, 1, 1, 1, 1, 1, 1, 1, 0, 1, 1]
[0, 1, 0, 0, 0, 0, 0, 0, 0, 0, 0, 0, 0, 0, 0, 0, 0, 1, 0, 0]
[38, 39, 40, 41, 42, 43, 44, 45]
[0, 1, 0, 0, 0, 0, 0, 1]
[1, 0, 1, 1, 1, 1, 1, 0]

Taxa de Acerto: 78,27%

[X116m,X123m,X201m,'X210m','X217m','X222m','X223m', 'X228m','X230m','X231m','X232m']

12000
[0, 1, 2, 3, 4, 5, 6, 7, 8, 9, 10, 11, 12, 13]
[0, 0, 1, 0, 0, 0, 0, 0, 0, 1, 1, 0, 0, 0]
[0, 0, 1, 0, 0, 0, 0, 0, 0, 1, 1, 0, 0, 0]
[14, 15, 16, 17]
[0, 0, 0, 0]
[0, 0, 0, 0]
[18, 19, 20, 21, 22, 23, 24, 25, 26, 27, 28, 29, 30, 31, 32, 33, 34, 35, 36, 37]
[0, 1, 0, 1, 0, 1, 1, 1, 0, 1, 1, 0, 1, 1, 1, 1, 1, 1, 1, 1]
[0, 1, 0, 1, 0, 0, 0, 0, 1, 0, 0, 1, 0, 0, 0, 0, 0, 0, 0, 0]
[38, 39, 40, 41, 42, 43, 44, 45]
[1, 1, 0, 1, 1, 0, 1, 1]
[0, 0, 1, 0, 0, 1, 0, 0]

7000
[0, 1, 2, 3, 4, 5, 6, 7, 8, 9, 10, 11, 12, 13]
[1, 0, 0, 1, 0, 0, 0, 0, 0, 0, 0, 0, 1, 0]
[1, 0, 0, 1, 0, 0, 0, 0, 0, 0, 0, 0, 1, 0]
[14, 15, 16, 17, 18, 19, 20, 21, 22]
[1, 1, 1, 0, 0, 1, 0, 0, 0]
[1, 1, 1, 0, 0, 1, 0, 0, 0]
[23, 24, 25, 26, 27, 28, 29, 30, 31, 32, 33, 34, 35, 36]
[1, 1, 1, 1, 0, 0, 1, 1, 1, 1, 1, 1, 1, 1]
[0, 0, 0, 0, 1, 1, 0, 0, 0, 0, 0, 0, 0, 0]
[37, 38, 39, 40, 41, 42, 43, 44, 45]
[1, 1, 1, 1, 1, 1, 1, 1, 1]
[0, 0, 0, 0, 0, 0, 0, 0, 0]

7750
[0, 1, 2, 3, 4, 5, 6, 7, 8, 9, 10, 11, 12, 13]
[0, 0, 0, 0, 0, 0, 0, 0, 0, 0, 0, 0, 0, 0]
[0, 0, 0, 0, 0, 0, 0, 0, 0, 0, 0, 0, 0, 0]
[14, 15, 16, 17, 18, 19, 20, 21, 22]
[0, 0, 0, 0, 0, 0, 0, 0, 0]
[0, 0, 0, 0, 0, 0, 0, 0, 0]
[23, 24, 25, 26, 27, 28, 29, 30, 31, 32, 33, 34, 35, 36]
[1, 0, 0, 0, 0, 0, 0, 1, 0, 0, 0, 0, 0, 0]
[0, 1, 1, 1, 1, 1, 1, 0, 1, 1, 1, 1, 1, 1]
[37, 38, 39, 40, 41, 42, 43, 44, 45]
[0, 0, 0, 0, 0, 0, 0, 0, 1]
[1, 1, 1, 1, 1, 1, 1, 1, 0]

7550 (EQM)
[0, 1, 2, 3, 4, 5, 6, 7, 8, 9, 10, 11, 12, 13]
[0, 0, 0, 1, 0, 0, 0, 0, 0, 0, 0, 0, 1, 0]
[0, 0, 0, 1, 0, 0, 0, 0, 0, 0, 0, 0, 1, 0]
[14, 15, 16, 17, 18, 19, 20, 21, 22]
[0, 1, 0, 0, 0, 0, 0, 0, 0]
[0, 1, 0, 0, 0, 0, 0, 0, 0]
[23, 24, 25, 26, 27, 28, 29, 30, 31, 32, 33, 34, 35, 36]
[1, 1, 1, 1, 1, 1, 1, 1, 1, 1, 1, 1, 1, 1]
[0, 0, 0, 0, 0, 0, 0, 0, 0, 0, 0, 0, 0, 0]
[37, 38, 39, 40, 41, 42, 43, 44, 45]
[1, 1, 1, 1, 1, 0, 1, 1, 1]
[0, 0, 0, 0, 0, 1, 0, 0, 0]

Considera-se como positivo os casos com arritmia

Acurácia [42/46 = 91.30%]
Sensibilidade [22/(22+1) = 95.65%] 


Matriz de Confusão
	N	A
N	20|3
--------------------
A	22|1


Apenas conjunto de testes
[14, 15, 16, 17, 18, 19, 20, 21, 22]
[0, 1, 0, 0, 0, 0, 0, 0, 0]
[0, 1, 0, 0, 0, 0, 0, 0, 0]
[37, 38, 39, 40, 41, 42, 43, 44, 45]
[1, 1, 1, 1, 1, 0, 1, 1, 1]
[0, 0, 0, 0, 0, 1, 0, 0, 0]

Acurácia [16/18 = 88.88%]
Sensibilidade [8/(8+1) = 88.88%]

v2
7550
[11, 12, 13, 14, 15, 16, 17, 18, 19, 20, 21]
[1, 1, 0, 0, 0, 0, 0, 0, 0, 0, 0]
[1, 1, 0, 0, 0, 0, 0, 0, 0, 0, 0]
[32, 34, 35, 36, 37, 38, 39, 40, 41, 42, 43]
[1, 1, 1, 0, 0, 1, 0, 0, 0, 0, 1]
[0, 0, 0, 1, 1, 0, 1, 1, 1, 1, 0]

6600
[11, 12, 13, 14, 15, 16, 17, 18, 19, 20, 21]
[1, 1, 0, 0, 1, 0, 0, 0, 0, 0, 0]
[1, 1, 0, 0, 1, 0, 0, 0, 0, 0, 0]
[33, 34, 35, 36, 37, 38, 39, 40, 41, 42, 43]
[1, 1, 1, 0, 1, 0, 1, 0, 0, 0, 0]
[0, 0, 0, 1, 0, 1, 0, 1, 1, 1, 1]

10000
[11, 12, 13, 14, 15, 16, 17, 18, 19, 20, 21]
[1, 1, 0, 0, 1, 1, 1, 0, 0, 0, 0]
[1, 1, 0, 0, 1, 1, 1, 0, 0, 0, 0]
[33, 34, 35, 36, 37, 38, 39, 40, 41, 42, 43]
[1, 1, 1, 1, 1, 1, 0, 1, 1, 1, 1]
[0, 0, 0, 0, 0, 0, 1, 0, 0, 0, 0]


8550
[33, 34, 35, 36, 37, 38, 39, 40, 41, 42, 43]
[1, 1, 1, 1, 1, 1, 1, 1, 1, 1, 1]
[0, 0, 0, 0, 0, 0, 0, 0, 0, 0, 0]


8600
[11, 12, 13, 14, 15, 16, 17, 18, 19, 20, 21]
[1, 1, 1, 0, 1, 1, 0, 1, 1, 0, 0]
[1, 1, 1, 0, 1, 1, 0, 1, 1, 0, 0]
[33, 34, 35, 36, 37, 38, 39, 40, 41, 42, 43]
[1, 1, 1, 1, 1, 1, 1, 1, 1, 1, 1]
[0, 0, 0, 0, 0, 0, 0, 0, 0, 0, 0]

8570
[11, 12, 13, 14, 15, 16, 17, 18, 19, 20, 21]
[1, 1, 0, 0, 1, 0, 0, 0, 0, 0, 0]
[1, 1, 0, 0, 1, 0, 0, 0, 0, 0, 0]
[33, 34, 35, 36, 37, 38, 39, 40, 41, 42, 43]
[0, 1, 1, 0, 0, 0, 0, 0, 0, 0, 1]
[1, 0, 0, 1, 1, 1, 1, 1, 1, 1, 0]

9000
[33, 34, 35, 36, 37, 38, 39, 40, 41, 42, 43]
[1, 1, 1, 1, 1, 1, 1, 0, 1, 1, 1]
[0, 0, 0, 0, 0, 0, 0, 1, 0, 0, 0]

new
5500
[14, 15, 16, 17, 18, 19, 20, 21, 36, 37, 38, 39, 40, 41, 42, 43]
[1, 1, 0, 0, 0, 0, 0, 0, 0, 1, 0, 1, 0, 0, 1, 1]
[1, 1, 0, 0, 0, 0, 0, 0, 1, 0, 1, 0, 1, 1, 0, 0]

6000
[14, 15, 16, 17, 18, 19, 20, 21, 36, 37, 38, 39, 40, 41, 42, 43]
[1, 1, 1, 0, 1, 0, 0, 0, 1, 1, 0, 1, 1, 1, 1, 1]
[1, 1, 1, 0, 1, 0, 0, 0, 0, 0, 1, 0, 0, 0, 0, 0]

5800
[14, 15, 16, 17, 18, 19, 20, 21, 36, 37, 38, 39, 40, 41, 42, 43]
[0, 1, 0, 0, 0, 0, 0, 0, 0, 0, 0, 0, 0, 0, 0, 0]
[0, 1, 0, 0, 0, 0, 0, 0, 1, 1, 1, 1, 1, 1, 1, 1]

5900
[14, 15, 16, 17, 18, 19, 20, 21, 36, 37, 38, 39, 40, 41, 42, 43]
[1, 1, 1, 1, 1, 1, 0, 0, 1, 1, 1, 1, 0, 1, 1, 1]
[1, 1, 1, 1, 1, 1, 0, 0, 0, 0, 0, 0, 1, 0, 0, 0]

4000
[14, 15, 16, 17, 18, 19, 20, 21, 36, 37, 38, 39, 40, 41, 42, 43]
[1, 1, 1, 1, 1, 1, 1, 1, 1, 1, 1, 1, 1, 1, 1, 1]
[1, 1, 1, 1, 1, 1, 1, 1, 0, 0, 0, 0, 0, 0, 0, 0]

4500
[14, 15, 16, 17, 18, 19, 20, 21, 36, 37, 38, 39, 40, 41, 42, 43]
[0, 0, 0, 0, 0, 0, 0, 0, 0, 0, 0, 0, 0, 0, 0, 0]
[0, 0, 0, 0, 0, 0, 0, 0, 1, 1, 1, 1, 1, 1, 1, 1]

8000
[14, 15, 16, 17, 18, 19, 20, 21, 36, 37, 38, 39, 40, 41, 42, 43]
[1, 0, 1, 0, 1, 0, 0, 1, 1, 1, 0, 1, 1, 1, 1, 1]
[1, 0, 1, 0, 1, 0, 0, 1, 0, 0, 1, 0, 0, 0, 0, 0]

9000
[14, 15, 16, 17, 18, 19, 20, 21, 36, 37, 38, 39, 40, 41, 42, 43]
[1, 1, 1, 1, 1, 1, 1, 1, 1, 1, 1, 1, 1, 1, 1, 1]
[1, 1, 1, 1, 1, 1, 1, 1, 0, 0, 0, 0, 0, 0, 0, 0]

8540
[14, 15, 16, 17, 18, 19, 20, 21, 36, 37, 38, 39, 40, 41, 42, 43]
[0, 1, 0, 0, 0, 0, 0, 0, 0, 1, 0, 1, 0, 0, 1, 1]
[0, 1, 0, 0, 0, 0, 0, 0, 1, 0, 1, 0, 1, 1, 0, 0]

8545
[14, 15, 16, 17, 18, 19, 20, 21, 36, 37, 38, 39, 40, 41, 42, 43]
[1, 1, 1, 0, 1, 0, 0, 1, 1, 1, 1, 1, 0, 1, 1, 1]
[1, 1, 1, 0, 1, 0, 0, 1, 0, 0, 0, 0, 1, 0, 0, 0]

8500 (Acc = 81,25%)
[14, 15, 16, 17, 18, 19, 20, 21, 36, 37, 38, 39, 40, 41, 42, 43]
[0, 1, 0, 0, 1, 0, 0, 0, 1, 1, 0, 1, 1, 1, 1, 1]
[0, 1, 0, 0, 1, 0, 0, 0, 0, 0, 1, 0, 0, 0, 0, 0]

8550
[14, 15, 16, 17, 18, 19, 20, 21, 36, 37, 38, 39, 40, 41, 42, 43]
[0, 0, 1, 0, 1, 0, 1, 1, 0, 1, 0, 1, 1, 0, 1, 1]
[0, 0, 1, 0, 1, 0, 1, 1, 1, 0, 1, 0, 0, 1, 0, 0]


