100
[14, 15, 16, 17, 38, 39, 40, 41, 42, 43, 44, 45]
[0, 0, 1, 1, 1, 0, 1, 1, 1, 1, 1, 1]
[0, 0, 1, 1, 0, 1, 0, 0, 0, 0, 0, 0]

500
[14, 15, 16, 17, 38, 39, 40, 41, 42, 43, 44, 45]
[0, 0, 0, 0, 0, 0, 0, 0, 0, 0, 0, 0]
[0, 0, 0, 0, 1, 1, 1, 1, 1, 1, 1, 1]

1000
[14, 15, 16, 17, 38, 39, 40, 41, 42, 43, 44, 45]
[1, 0, 0, 1, 1, 0, 1, 1, 1, 1, 1, 1]
[1, 0, 0, 1, 0, 1, 0, 0, 0, 0, 0, 0]

1500
[14, 15, 16, 17, 38, 39, 40, 41, 42, 43, 44, 45]
[0, 1, 0, 1, 1, 1, 1, 1, 1, 1, 1, 1]
[0, 1, 0, 1, 0, 0, 0, 0, 0, 0, 0, 0]

DTW


3000
[ 0  1  2  3  4  5  6  7  8  9 10 11 12]
[0, 0, 0, 0, 0, 0, 0, 0, 0, 0, 0, 0, 0]
[0, 0, 0, 0, 0, 0, 0, 0, 0, 0, 0, 0, 0]

3000
[14, 15, 16, 17, 38, 39, 40, 41, 42, 43, 44, 45]
[1, 1, 1, 1, 1, 1, 1, 1, 1, 1, 1, 1]
[1, 1, 1, 1, 0, 0, 0, 0, 0, 0, 0, 0]

8000
[14, 15, 16, 17, 38, 39, 40, 41, 42, 43, 44, 45]
[1, 1, 1, 1, 1, 1, 1, 1, 1, 1, 1, 1]
[1, 1, 1, 1, 0, 0, 0, 0, 0, 0, 0, 0]

500 (New)
[0  1  2  3  4  5  6  7  8  9 10 11 12]
[0, 0, 0, 1, 0, 1, 0, 0, 0, 0, 0, 0, 0]
[0, 0, 0, 1, 0, 1, 0, 0, 0, 0, 0, 0, 0]
[14, 15, 16, 17]
[0, 0, 0, 0]
[0, 0, 0, 0]
[38, 39, 40, 41, 42, 43, 44, 45]
[1, 0, 1, 0, 0, 0, 0, 1]
[0, 1, 0, 1, 1, 1, 1, 0]

1000 (New)
[0  1  2  3  4  5  6  7  8  9 10 11 12]
[1, 1, 1, 1, 1, 1, 0, 0, 1, 0, 0, 1, 1]
[1, 1, 1, 1, 1, 1, 0, 0, 1, 0, 0, 1, 1]
[14, 15, 16, 17, 38, 39, 40, 41, 42, 43, 44, 45]
[1, 0, 0, 1, 1, 1, 1, 1, 1, 1, 1, 0]
[1, 0, 0, 1, 0, 0, 0, 0, 0, 0, 0, 1]
[19 20 21 22 23 24 25 26 27 28 29 30 31 32 33 34 35 36]
[1, 1, 1, 1, 1, 1, 0, 1, 1, 1, 1, 1, 1, 1, 1, 1, 1, 0]
[0, 0, 0, 0, 0, 0, 1, 0, 0, 0, 0, 0, 0, 0, 0, 0, 0, 1]
[37]
[1]
[0]

12000
[0, 1, 2, 3, 4, 5, 6, 7, 8, 9, 10, 11, 12, 13, 14, 15, 16, 17]
[1, 0, 0, 1, 1, 1, 1, 1, 1, 1, 0, 1, 1, 1, 0, 0, 1, 1]
[1, 0, 0, 1, 1, 1, 1, 1, 1, 1, 0, 1, 1, 1, 0, 0, 1, 1]
[18, 19, 20, 21, 22, 23, 24, 25, 26, 27, 28, 29, 30, 31, 32, 33, 34, 35, 36, 37]
[1, 1, 1, 1, 1, 1, 1, 1, 1, 1, 1, 1, 1, 1, 1, 0, 1, 1, 1, 1]
[0, 0, 0, 0, 0, 0, 0, 0, 0, 0, 0, 0, 0, 0, 0, 1, 0, 0, 0, 0]
[38, 39, 40, 41, 42, 43, 44, 45]
[1, 1, 1, 1, 1, 1, 1, 1]
[0, 0, 0, 0, 0, 0, 0, 0]


Autoenc
50000/12000
[0, 1, 2, 3, 4, 5, 6, 7, 8, 9, 10, 11, 12, 13, 14, 15, 16, 17]
[1, 1, 1, 1, 1, 1, 0, 0, 0, 0, 0, 0, 1, 1, 0, 0, 1, 1]
[1, 1, 1, 1, 1, 1, 0, 0, 0, 0, 0, 0, 1, 1, 0, 0, 1, 1]
[18, 19, 20, 21, 22, 23, 24, 25, 26, 27, 28, 29, 30, 31, 32, 33, 34, 35, 36, 37]
[1, 1, 1, 0, 1, 1, 0, 0, 0, 1, 1, 1, 1, 1, 1, 1, 1, 1, 1, 1]
[0, 0, 0, 1, 0, 0, 1, 1, 1, 0, 0, 0, 0, 0, 0, 0, 0, 0, 0, 0]
[38, 39, 40, 41, 42, 43, 44, 45]
[1, 0, 1, 1, 1, 1, 1, 1]
[0, 1, 0, 0, 0, 0, 0, 0]

DTW

[0, 1, 2, 3, 4, 5, 6, 7, 8, 9, 10, 11, 12, 13, 14, 15, 16, 17]
[1, 0, 0, 1, 1, 1, 1, 1, 1, 1, 0, 1, 1, 1, 0, 0, 1, 1]
[1, 0, 0, 1, 1, 1, 1, 1, 1, 1, 0, 1, 1, 1, 0, 0, 1, 1]
[18, 19, 20, 21, 22, 23, 24, 25, 26, 27, 28, 29, 30, 31, 32, 33, 34, 35, 36, 37]
[1, 1, 1, 1, 1, 1, 1, 1, 1, 1, 1, 1, 1, 1, 1, 0, 1, 1, 1, 1]
[0, 0, 0, 0, 0, 0, 0, 0, 0, 0, 0, 0, 0, 0, 0, 1, 0, 0, 0, 0]
[38, 39, 40, 41, 42, 43, 44, 45]
[1, 1, 1, 1, 1, 1, 1, 1]
[0, 0, 0, 0, 0, 0, 0, 0]


